0.01, 10, 400, 2845.562075323504
0.01, 25, 160, 2835.6619693582006
0.01, 50, 80, 2843.2134032474137
0.01, 125, 32, 2843.2628578550534
0.01, 250, 16, 2841.574251784176
0.01, 500, 8, 2848.196180401938
0.01, 1000, 4, 2855.8209124145637
0.01, 2000, 2, 2850.343896493275
0.01, 4000, 1, 2846.0553174968527
0.025, 10, 400, 2839.482178460218
0.025, 25, 160, 2835.5519340043697
0.025, 50, 80, 2829.6907098113657
0.025, 125, 32, 2840.9251739492665
0.025, 250, 16, 2843.7546325299827
0.025, 500, 8, 2832.5080776609557
0.025, 1000, 4, 2853.732817905289
0.025, 2000, 2, 2843.123530360899
0.025, 4000, 1, 2847.2930907675636
0.05, 10, 400, 2828.927249224656
0.05, 25, 160, 2838.6442991644185
0.05, 50, 80, 2844.736042997867
0.05, 125, 32, 2848.1244710452397
0.05, 250, 16, 2850.7520589088026
0.05, 500, 8, 2846.024612657747
0.05, 1000, 4, 2842.6764694056405
0.05, 2000, 2, 2844.3883269611188
0.05, 4000, 1, 2842.755923979309
0.075, 10, 400, 2826.4584942598235
0.075, 25, 160, 2843.0237018093762
0.075, 50, 80, 2845.298097358748
0.075, 125, 32, 2843.894547368197
0.075, 250, 16, 2835.329297305563
0.075, 500, 8, 2841.282812855059
0.075, 1000, 4, 2837.391300045924
0.075, 2000, 2, 2843.1360987049866
0.075, 4000, 1, 2843.2739007022037
0.1, 10, 400, 2826.653847827823
0.1, 25, 160, 2838.6243508688335
0.1, 50, 80, 2837.838382619539
0.1, 125, 32, 2835.569317110844
0.1, 250, 16, 2836.6840082504777
0.1, 500, 8, 2846.3308476211655
0.1, 1000, 4, 2838.2486163279113
0.1, 2000, 2, 2834.103038423657
0.1, 4000, 1, 2831.5983158940357
0.15, 10, 400, 2829.7811553217184
0.15, 25, 160, 2835.4719055696573
0.15, 50, 80, 2826.6730043541997
0.15, 125, 32, 2829.0825287334933
0.15, 250, 16, 2827.032917637909
0.15, 500, 8, 2830.5450926473295
0.15, 1000, 4, 2823.3102327380006
0.15, 2000, 2, 2827.5139461952126
0.15, 4000, 1, 2828.545469924495
0.2, 10, 400, 2832.9322132515663
0.2, 25, 160, 2835.4309132024864
0.2, 50, 80, 2830.4147859177215
0.2, 125, 32, 2828.012118612417
0.2, 250, 16, 2812.097480899505
0.2, 500, 8, 2819.914347857815
0.2, 1000, 4, 2824.6195279267226
0.2, 2000, 2, 2808.597315327619
0.2, 4000, 1, 2813.8454984624786
0.5, 10, 400, 2827.691257859134
0.5, 25, 160, 2814.7648305724438
0.5, 50, 80, 2802.4150803193506
0.5, 125, 32, 2791.177936517988
0.5, 250, 16, 2783.5544616132393
0.5, 500, 8, 2771.78668615862
0.5, 1000, 4, 2782.935321429729
0.5, 2000, 2, 2773.023623001859
0.5, 4000, 1, 2778.579816218851
1.0, 10, 400, 2821.958787173546
1.0, 25, 160, 2798.6890078845804
1.0, 50, 80, 2772.4510091512725
1.0, 125, 32, 2741.6107240951364
1.0, 250, 16, 2733.0998018919136
1.0, 500, 8, 2720.971591463683
1.0, 1000, 4, 2710.4546243874656
1.0, 2000, 2, 2717.705220923495
1.0, 4000, 1, 2707.5731788505504
1.5, 10, 400, 2811.1279817080213
1.5, 25, 160, 2784.394121471882
1.5, 50, 80, 2747.4882685868465
1.5, 125, 32, 2707.420366315346
1.5, 250, 16, 2679.378384863685
1.5, 500, 8, 2668.9622097663646
1.5, 1000, 4, 2672.2050311863213
1.5, 2000, 2, 2674.479935997785
1.5, 4000, 1, 2672.384759623366
2.0, 10, 400, 2807.97056895619
2.0, 25, 160, 2768.2553357684737
2.0, 50, 80, 2718.813526985569
2.0, 125, 32, 2665.408878860037
2.0, 250, 16, 2650.3313121863057
2.0, 500, 8, 2641.032448360337
2.0, 1000, 4, 2642.559474630432
2.0, 2000, 2, 2631.9762305422855
2.0, 4000, 1, 2630.1180440600233
2.5, 10, 400, 2798.9437276406297
2.5, 25, 160, 2760.3141825716493
2.5, 50, 80, 2699.6023916785057
2.5, 125, 32, 2647.8900793302505
2.5, 250, 16, 2620.280343967857
2.5, 500, 8, 2614.9105242506366
2.5, 1000, 4, 2605.707911191308
2.5, 2000, 2, 2608.9782382348817
2.5, 4000, 1, 2605.162936764775
3.0, 10, 400, 2786.2107919519294
3.0, 25, 160, 2744.4740824692667
3.0, 50, 80, 2688.323456385557
3.0, 125, 32, 2629.1297176089743
3.0, 250, 16, 2607.9876153766977
3.0, 500, 8, 2590.388721177838
3.0, 1000, 4, 2591.084609953611
3.0, 2000, 2, 2581.722422674132
3.0, 4000, 1, 2586.0838828785318
4.0, 10, 400, 2790.719108003352
4.0, 25, 160, 2729.9075126775656
4.0, 50, 80, 2670.3590470279414
4.0, 125, 32, 2601.425310448084
4.0, 250, 16, 2580.017157703426
4.0, 500, 8, 2561.064695334305
4.0, 1000, 4, 2562.0798101463756
4.0, 2000, 2, 2554.376515115735
4.0, 4000, 1, 2549.004165532794
5.0, 10, 400, 2791.4946338449167
5.0, 25, 160, 2722.8095431875677
5.0, 50, 80, 2649.3809146214135
5.0, 125, 32, 2589.2318942091583
5.0, 250, 16, 2560.240199993639
5.0, 500, 8, 2544.423030342052
5.0, 1000, 4, 2541.4413040070644
5.0, 2000, 2, 2541.016883276437
5.0, 4000, 1, 2530.286384111666
7.5, 10, 400, 2770.7373725687025
7.5, 25, 160, 2700.853102827547
7.5, 50, 80, 2629.636780345934
7.5, 125, 32, 2558.182863228917
7.5, 250, 16, 2530.6977505271525
7.5, 500, 8, 2522.427998314577
7.5, 1000, 4, 2511.781545159816
7.5, 2000, 2, 2512.4441778119244
7.5, 4000, 1, 2509.799432351173
10.0, 10, 400, 2776.3358159580284
10.0, 25, 160, 2684.7916876711083
10.0, 50, 80, 2617.3458687231646
10.0, 125, 32, 2546.503067068242
10.0, 250, 16, 2522.0712208018663
10.0, 500, 8, 2507.8586426530746
10.0, 1000, 4, 2504.266597221018
10.0, 2000, 2, 2503.099008980874
10.0, 4000, 1, 2500.293326594115
12.5, 10, 400, 2767.174435434159
12.5, 25, 160, 2687.6914005700733
12.5, 50, 80, 2610.571445760502
12.5, 125, 32, 2540.592762977581
12.5, 250, 16, 2514.52989478121
12.5, 500, 8, 2501.083330725326
12.5, 1000, 4, 2497.8522323549096
12.5, 2000, 2, 2495.398115017803
12.5, 4000, 1, 2493.991182173148
15.0, 10, 400, 2760.278559868458
15.0, 25, 160, 2682.36189510691
15.0, 50, 80, 2602.8605200183183
15.0, 125, 32, 2535.681901657342
15.0, 250, 16, 2507.6385875792766
15.0, 500, 8, 2497.7228329568084
15.0, 1000, 4, 2494.498445360899
15.0, 2000, 2, 2492.6166357299257
15.0, 4000, 1, 2491.8556444902233
17.5, 10, 400, 2762.0248261615125
17.5, 25, 160, 2674.4780550418463
17.5, 50, 80, 2602.3536209961344
17.5, 125, 32, 2528.1683428306287
17.5, 250, 16, 2505.018823101488
17.5, 500, 8, 2495.817720106863
17.5, 1000, 4, 2491.6016698767553
17.5, 2000, 2, 2490.049154637192
17.5, 4000, 1, 2490.0389924231304
20.0, 10, 400, 2775.064191457411
20.0, 25, 160, 2675.1244013638598
20.0, 50, 80, 2597.203606798467
20.0, 125, 32, 2528.9394991512654
20.0, 250, 16, 2501.671716023589
20.0, 500, 8, 2494.4131461237703
20.0, 1000, 4, 2491.1728439209865
20.0, 2000, 2, 2489.838021781592
20.0, 4000, 1, 2489.2963463405836
30.0, 10, 400, 2759.9091949028566
30.0, 25, 160, 2666.0842435175236
30.0, 50, 80, 2592.545315934831
30.0, 125, 32, 2523.4520883693
30.0, 250, 16, 2497.4156004967276
30.0, 500, 8, 2490.086148190421
30.0, 1000, 4, 2487.96605656027
30.0, 2000, 2, 2486.589400118147
30.0, 4000, 1, 2486.1373811493554
40.0, 10, 400, 2760.222042876589
40.0, 25, 160, 2662.0264066555073
40.0, 50, 80, 2587.900098194448
40.0, 125, 32, 2517.8740583109866
40.0, 250, 16, 2495.866743510818
40.0, 500, 8, 2488.9469794851434
40.0, 1000, 4, 2486.002284559314
40.0, 2000, 2, 2485.0026986330076
40.0, 4000, 1, 2485.141900817101
50.0, 10, 400, 2749.9088243203755
50.0, 25, 160, 2664.758449532709
50.0, 50, 80, 2587.1970276128113
50.0, 125, 32, 2518.556019598883
50.0, 250, 16, 2494.965233366795
50.0, 500, 8, 2487.149255897064
50.0, 1000, 4, 2485.5887111889774
50.0, 2000, 2, 2484.3804633017767
50.0, 4000, 1, 2484.436472683048
75.0, 10, 400, 2757.781996633303
75.0, 25, 160, 2661.5674665739202
75.0, 50, 80, 2582.8841412395595
75.0, 125, 32, 2513.4782002478464
75.0, 250, 16, 2494.110167684814
75.0, 500, 8, 2485.976676507807
75.0, 1000, 4, 2483.82271467898
75.0, 2000, 2, 2483.3317107647385
75.0, 4000, 1, 2482.9962138214055
100.0, 10, 400, 2755.7500368010474
100.0, 25, 160, 2659.978304275238
100.0, 50, 80, 2580.341927831663
100.0, 125, 32, 2513.2806750620634
100.0, 250, 16, 2491.9141910826293
100.0, 500, 8, 2485.7235382980734
100.0, 1000, 4, 2483.383129282667
100.0, 2000, 2, 2482.645189362556
100.0, 4000, 1, 2482.6228936887887
125.0, 10, 400, 2759.9270546759603
125.0, 25, 160, 2663.156551439827
125.0, 50, 80, 2585.9136747727825
125.0, 125, 32, 2512.659538320142
125.0, 250, 16, 2491.5492097712217
125.0, 500, 8, 2484.895449279312
125.0, 1000, 4, 2483.0762221591935
125.0, 2000, 2, 2482.481556658816
125.0, 4000, 1, 2482.284509300415
150.0, 10, 400, 2764.570679997781
150.0, 25, 160, 2666.332140472835
150.0, 50, 80, 2579.4280830878106
150.0, 125, 32, 2513.266677105555
150.0, 250, 16, 2491.615037242331
150.0, 500, 8, 2484.4881069309345
150.0, 1000, 4, 2482.906457256373
150.0, 2000, 2, 2482.080339520273
150.0, 4000, 1, 2481.9920604907416
200.0, 10, 400, 2749.4767594618515
200.0, 25, 160, 2664.164849357944
200.0, 50, 80, 2577.7246214461006
200.0, 125, 32, 2511.335924306772
200.0, 250, 16, 2491.3399327087527
200.0, 500, 8, 2484.210934992284
200.0, 1000, 4, 2482.183630210626
200.0, 2000, 2, 2481.867436417373
200.0, 4000, 1, 2481.6401770539633
250.0, 10, 400, 2755.098931894395
250.0, 25, 160, 2661.332964423732
250.0, 50, 80, 2579.6647177675463
250.0, 125, 32, 2513.0749085218195
250.0, 250, 16, 2490.8116223979932
250.0, 500, 8, 2484.29335586269
250.0, 1000, 4, 2482.1152191351175
250.0, 2000, 2, 2481.656903853647
250.0, 4000, 1, 2481.386969139654
300.0, 10, 400, 2756.7014446439975
300.0, 25, 160, 2654.0615716387965
300.0, 50, 80, 2582.1814264924
300.0, 125, 32, 2511.3778253640976
300.0, 250, 16, 2491.1980244399942
300.0, 500, 8, 2484.25320363943
300.0, 1000, 4, 2481.9820217349343
300.0, 2000, 2, 2481.4718059567854
300.0, 4000, 1, 2481.372872535926
400.0, 10, 400, 2750.1890536269025
400.0, 25, 160, 2652.593163023094
400.0, 50, 80, 2578.1966948574145
400.0, 125, 32, 2511.929245145121
400.0, 250, 16, 2490.6013622375467
400.0, 500, 8, 2483.79238236462
400.0, 1000, 4, 2481.88402609365
400.0, 2000, 2, 2481.341040631974
400.0, 4000, 1, 2481.2507382298995
500.0, 10, 400, 2743.4542929167014
500.0, 25, 160, 2651.1826439449464
500.0, 50, 80, 2583.21942497808
500.0, 125, 32, 2513.0022597026086
500.0, 250, 16, 2491.398910487644
500.0, 500, 8, 2483.599128024654
500.0, 1000, 4, 2481.6828264525634
500.0, 2000, 2, 2481.1956530437847
500.0, 4000, 1, 2481.1023194930494
750.0, 10, 400, 2760.652407050189
750.0, 25, 160, 2660.4383226061577
750.0, 50, 80, 2582.3364638475337
750.0, 125, 32, 2511.6464161418567
750.0, 250, 16, 2491.3402873916652
750.0, 500, 8, 2483.394527916217
750.0, 1000, 4, 2481.647897921552
750.0, 2000, 2, 2480.990076839871
750.0, 4000, 1, 2480.872956035433
1000.0, 10, 400, 2757.2502682082386
1000.0, 25, 160, 2666.037109098504
1000.0, 50, 80, 2582.2284694071136
1000.0, 125, 32, 2512.7401076993597
1000.0, 250, 16, 2491.29140418205
1000.0, 500, 8, 2483.702895728701
1000.0, 1000, 4, 2481.639511374335
1000.0, 2000, 2, 2480.9711286662487
1000.0, 4000, 1, 2480.937338340292